{
 "cells": [
  {
   "cell_type": "code",
   "execution_count": 1,
   "metadata": {},
   "outputs": [],
   "source": [
    "import numpy as np\n",
    "\n",
    "import sys\n",
    "\n",
    "sys.path.append(r\"C:\\Users\\mauro\\Documents\\projects\\gsf\")\n",
    "\n",
    "from pygsf.orientations.orientations import Plane, Axis, Direct\n",
    "from pygsf.mathematics.arrays import svd"
   ]
  },
  {
   "cell_type": "code",
   "execution_count": null,
   "metadata": {},
   "outputs": [],
   "source": []
  },
  {
   "cell_type": "code",
   "execution_count": 2,
   "metadata": {
    "scrolled": true
   },
   "outputs": [
    {
     "name": "stdout",
     "output_type": "stream",
     "text": [
      "(-6.123233995736766e-17, -1.1248198369963932e-32, -1.0)\n",
      "(-0.08715574274765814, -1.6010250207484453e-17, -0.9961946980917455)\n",
      "<class 'numpy.ndarray'>\n",
      "(2, 3)\n",
      "mean [4.36193874e-02 9.68544963e-18 9.99048222e-01]\n",
      "girdle normal [-2.22044605e-16  1.00000000e+00  0.00000000e+00]\n"
     ]
    }
   ],
   "source": [
    "plane1 = Plane(90, 0)\n",
    "plane2 = Plane(90, 5)\n",
    "\n",
    "# plane to xyz\n",
    "\n",
    "n_axis_1 = plane1.normAxis()\n",
    "n_axis_2 = plane2.normAxis()\n",
    "\n",
    "normal_1 = n_axis_1.toXYZ()\n",
    "normal_2 = n_axis_2.toXYZ()\n",
    "\n",
    "print(normal_1)\n",
    "print(normal_2)\n",
    "\n",
    "xyzes = (normal_1, normal_2)\n",
    "\n",
    "# pack tuples into array\n",
    "\n",
    "a = np.stack(xyzes)\n",
    "print(type(a))\n",
    "print(a.shape)\n",
    "\n",
    "# svd\n",
    "\n",
    "res = svd(a)\n",
    "\n",
    "\"\"\"\n",
    "print(type(res))\n",
    "for res_el in res:\n",
    "    print(res_el)\n",
    "\"\"\"\n",
    "\n",
    "u = res[0]\n",
    "s = res[1]\n",
    "vh = res[2]\n",
    "\n",
    "#print(vh)\n",
    "\n",
    "print(\"mean\", vh[0,:]) # mean value\n",
    "print(\"girdle normal\", vh[2, :]) # normal to girdle"
   ]
  },
  {
   "cell_type": "code",
   "execution_count": 3,
   "metadata": {},
   "outputs": [
    {
     "name": "stdout",
     "output_type": "stream",
     "text": [
      "Axis(az: 270.00°, pl: 80.00°)\n",
      "Axis(az: 270.00°, pl: 90.00°)\n",
      "Axis(az: 90.00°, pl: 80.00°)\n",
      "(-0.17364817766693041, -3.1898652743636585e-17, -0.984807753012208)\n",
      "(-6.123233995736766e-17, -1.1248198369963932e-32, -1.0)\n",
      "(0.17364817766693041, 1.0632884247878861e-17, -0.984807753012208)\n",
      "<class 'numpy.ndarray'>\n",
      "(3, 3)\n",
      "\n",
      "u\n",
      "[[-5.74381572e-01 -7.07106781e-01  4.12414609e-01]\n",
      " [-5.83242334e-01 -2.49342109e-16 -8.12298209e-01]\n",
      " [-5.74381572e-01  7.07106781e-01  4.12414609e-01]]\n",
      "\n",
      "s\n",
      "[1.71455318e+00 2.45575608e-01 8.29293425e-17]\n",
      "\n",
      "vh\n",
      "[[-0.00000000e+00  2.22044605e-16  1.00000000e+00]\n",
      " [ 1.00000000e+00  0.00000000e+00  0.00000000e+00]\n",
      " [ 0.00000000e+00 -1.00000000e+00  0.00000000e+00]]\n",
      "\n",
      "mean [-0.00000000e+00  2.22044605e-16  1.00000000e+00]\n",
      "\n",
      "girdle normal [ 0. -1.  0.]\n"
     ]
    }
   ],
   "source": [
    "# axes to xyz\n",
    "\n",
    "axis_1 = Axis.fromAzPl(270, 80)\n",
    "axis_2 = Axis.fromAzPl(270, 90)\n",
    "axis_3 = Axis.fromAzPl(90, 80)\n",
    "\n",
    "print(axis_1)\n",
    "print(axis_2)\n",
    "print(axis_3)\n",
    "\n",
    "xyz_1 = axis_1.toXYZ()\n",
    "xyz_2 = axis_2.toXYZ()\n",
    "xyz_3 = axis_3.toXYZ()\n",
    "\n",
    "print(xyz_1)\n",
    "print(xyz_2)\n",
    "print(xyz_3)\n",
    "\n",
    "xyzes = (xyz_1, xyz_2, xyz_3)\n",
    "\n",
    "# pack tuples into array\n",
    "\n",
    "a = np.stack(xyzes)\n",
    "print(type(a))\n",
    "print(a.shape)\n",
    "\n",
    "# svd\n",
    "\n",
    "res = svd(a)\n",
    "\n",
    "u = res[0]\n",
    "s = res[1]\n",
    "vh = res[2]\n",
    "\n",
    "print(\"\\nu\")\n",
    "print(u)\n",
    "print(\"\\ns\")\n",
    "print(s)\n",
    "print(\"\\nvh\")\n",
    "print(vh)\n",
    "\n",
    "print(\"\\nmean\", vh[0,:]) # mean value\n",
    "print(\"\\ngirdle normal\", vh[2, :]) # normal to girdle\n",
    "\n"
   ]
  },
  {
   "cell_type": "code",
   "execution_count": 4,
   "metadata": {},
   "outputs": [
    {
     "name": "stdout",
     "output_type": "stream",
     "text": [
      "Axis(az: 270.00°, pl: 10.00°)\n",
      "Axis(az: 270.00°, pl: 0.00°)\n",
      "Axis(az: 90.00°, pl: 5.00°)\n",
      "Axis(az: 270.00°, pl: 3.00°)\n",
      "(-0.984807753012208, -1.8090624937528466e-16, -0.17364817766693033)\n",
      "(-1.0, -1.8369701987210297e-16, -0.0)\n",
      "(0.9961946980917455, 6.099933241728101e-17, -0.08715574274765817)\n",
      "(-0.9986295347545738, -1.8344526949067989e-16, -0.052335956242943835)\n",
      "<class 'numpy.ndarray'>\n",
      "(4, 3)\n",
      "\n",
      "u\n",
      "[[-0.49735106  0.73689204  0.40015519 -0.22250366]\n",
      " [-0.50194565 -0.18382661 -0.61037976 -0.58454674]\n",
      " [ 0.49851427  0.64384321 -0.57993576 -0.02497924]\n",
      " [-0.5021713   0.09307971 -0.36192111  0.77985465]]\n",
      "\n",
      "s\n",
      "[1.99104401e+00 1.89060221e-01 6.84798416e-17]\n",
      "\n",
      "vh\n",
      "[[ 9.99395887e-01  1.52655666e-16  3.47542987e-02]\n",
      " [ 3.47542987e-02 -4.44089210e-15 -9.99395887e-01]\n",
      " [-0.00000000e+00  1.00000000e+00 -4.44089210e-15]]\n",
      "\n",
      "mean [9.99395887e-01 1.52655666e-16 3.47542987e-02]\n",
      "\n",
      "girdle normal [-0.0000000e+00  1.0000000e+00 -4.4408921e-15]\n"
     ]
    }
   ],
   "source": [
    "# axes to xyz\n",
    "\n",
    "axis_1 = Axis.fromAzPl(270, 10)\n",
    "axis_2 = Axis.fromAzPl(270, 0)\n",
    "axis_3 = Axis.fromAzPl(90, 5)\n",
    "axis_4 = Axis.fromAzPl(270, 3)\n",
    "\n",
    "print(axis_1)\n",
    "print(axis_2)\n",
    "print(axis_3)\n",
    "print(axis_4)\n",
    "\n",
    "xyz_1 = axis_1.toXYZ()\n",
    "xyz_2 = axis_2.toXYZ()\n",
    "xyz_3 = axis_3.toXYZ()\n",
    "xyz_4 = axis_4.toXYZ()\n",
    "\n",
    "print(xyz_1)\n",
    "print(xyz_2)\n",
    "print(xyz_3)\n",
    "print(xyz_4)\n",
    "\n",
    "\n",
    "xyzes = (xyz_1, xyz_2, xyz_3, xyz_4)\n",
    "\n",
    "# pack tuples into array\n",
    "\n",
    "a = np.stack(xyzes)\n",
    "print(type(a))\n",
    "print(a.shape)\n",
    "\n",
    "# svd\n",
    "\n",
    "res = svd(a)\n",
    "\n",
    "u = res[0]\n",
    "s = res[1]\n",
    "vh = res[2]\n",
    "\n",
    "print(\"\\nu\")\n",
    "print(u)\n",
    "print(\"\\ns\")\n",
    "print(s)\n",
    "print(\"\\nvh\")\n",
    "print(vh)\n",
    "\n",
    "print(\"\\nmean\", vh[0,:]) # mean value\n",
    "print(\"\\ngirdle normal\", vh[2, :]) # normal to girdle\n",
    "\n"
   ]
  },
  {
   "cell_type": "code",
   "execution_count": null,
   "metadata": {},
   "outputs": [],
   "source": []
  },
  {
   "cell_type": "code",
   "execution_count": 5,
   "metadata": {},
   "outputs": [
    {
     "name": "stdout",
     "output_type": "stream",
     "text": [
      "Direct(az: 270.00°, pl: 10.00°)\n",
      "Direct(az: 270.00°, pl: 5.00°)\n",
      "Direct(az: 270.00°, pl: -5.00°)\n",
      "Direct(az: 270.00°, pl: -10.00°)\n",
      "(-0.984807753012208, -1.8090624937528466e-16, -0.17364817766693033)\n",
      "(-0.9961946980917455, -1.82997997251843e-16, -0.08715574274765817)\n",
      "(-0.9961946980917455, -1.82997997251843e-16, 0.08715574274765817)\n",
      "(-0.984807753012208, -1.8090624937528466e-16, 0.17364817766693033)\n",
      "<class 'numpy.ndarray'>\n",
      "(4, 3)\n",
      "\n",
      "u\n",
      "[[-0.49711775  0.63197199  0.57233141  0.16100342]\n",
      " [-0.50286573  0.31719301 -0.80224066  0.05407931]\n",
      " [-0.50286573 -0.31719301  0.13637989 -0.79241099]\n",
      " [-0.49711775 -0.63197199  0.10122845  0.5858653 ]]\n",
      "\n",
      "s\n",
      "[1.98103518 0.27477195 0.        ]\n",
      "\n",
      "vh\n",
      "[[ 1.  0.  0.]\n",
      " [-0. -0. -1.]\n",
      " [-0. -1. -0.]]\n",
      "\n",
      "mean [1. 0. 0.]\n",
      "\n",
      "girdle normal [-0. -1. -0.]\n"
     ]
    }
   ],
   "source": [
    "# directions to xyz\n",
    "\n",
    "d_1 = Direct.fromAzPl(270, 10)\n",
    "d_2 = Direct.fromAzPl(270, 5)\n",
    "d_3 = Direct.fromAzPl(270, -5)\n",
    "d_4 = Direct.fromAzPl(270, -10)\n",
    "\n",
    "print(d_1)\n",
    "print(d_2)\n",
    "print(d_3)\n",
    "print(d_4)\n",
    "\n",
    "xyz_1 = d_1.toXYZ()\n",
    "xyz_2 = d_2.toXYZ()\n",
    "xyz_3 = d_3.toXYZ()\n",
    "xyz_4 = d_4.toXYZ()\n",
    "\n",
    "print(xyz_1)\n",
    "print(xyz_2)\n",
    "print(xyz_3)\n",
    "print(xyz_4)\n",
    "\n",
    "\n",
    "xyzes = (xyz_1, xyz_2, xyz_3, xyz_4)\n",
    "\n",
    "# pack tuples into array\n",
    "\n",
    "a = np.stack(xyzes)\n",
    "print(type(a))\n",
    "print(a.shape)\n",
    "\n",
    "# svd\n",
    "\n",
    "res = svd(a)\n",
    "\n",
    "u = res[0]\n",
    "s = res[1]\n",
    "vh = res[2]\n",
    "\n",
    "print(\"\\nu\")\n",
    "print(u)\n",
    "print(\"\\ns\")\n",
    "print(s)\n",
    "print(\"\\nvh\")\n",
    "print(vh)\n",
    "\n",
    "print(\"\\nmean\", vh[0,:]) # mean value\n",
    "print(\"\\ngirdle normal\", vh[2, :]) # normal to girdle\n",
    "\n"
   ]
  },
  {
   "cell_type": "code",
   "execution_count": null,
   "metadata": {},
   "outputs": [],
   "source": []
  },
  {
   "cell_type": "code",
   "execution_count": 6,
   "metadata": {},
   "outputs": [
    {
     "name": "stdout",
     "output_type": "stream",
     "text": [
      "Direct(az: 90.00°, pl: 10.00°)\n",
      "Direct(az: 90.00°, pl: 5.00°)\n",
      "Direct(az: 90.00°, pl: -5.00°)\n",
      "Direct(az: 90.00°, pl: -10.00°)\n",
      "(0.984807753012208, 6.030208312509488e-17, -0.17364817766693033)\n",
      "(0.9961946980917455, 6.099933241728101e-17, -0.08715574274765817)\n",
      "(0.9961946980917455, 6.099933241728101e-17, 0.08715574274765817)\n",
      "(0.984807753012208, 6.030208312509488e-17, 0.17364817766693033)\n",
      "<class 'numpy.ndarray'>\n",
      "(4, 3)\n",
      "\n",
      "u\n",
      "[[-0.49711775  0.63197199 -0.06463558 -0.59102249]\n",
      " [-0.50286573  0.31719301 -0.18534559  0.78240761]\n",
      " [-0.50286573 -0.31719301  0.80405072 -0.00413503]\n",
      " [-0.49711775 -0.63197199 -0.5612234  -0.19624894]]\n",
      "\n",
      "s\n",
      "[1.98103518e+00 2.74771953e-01 6.65306997e-33]\n",
      "\n",
      "vh\n",
      "[[-1.00000000e+00 -0.00000000e+00 -0.00000000e+00]\n",
      " [-0.00000000e+00  3.77629899e-32 -1.00000000e+00]\n",
      " [ 0.00000000e+00  1.00000000e+00  3.77629899e-32]]\n",
      "\n",
      "mean [-1. -0. -0.]\n",
      "\n",
      "girdle normal [0.00000000e+00 1.00000000e+00 3.77629899e-32]\n"
     ]
    }
   ],
   "source": [
    "# directions to xyz\n",
    "\n",
    "d_1 = Direct.fromAzPl(90, 10)\n",
    "d_2 = Direct.fromAzPl(90, 5)\n",
    "d_3 = Direct.fromAzPl(90, -5)\n",
    "d_4 = Direct.fromAzPl(90, -10)\n",
    "\n",
    "print(d_1)\n",
    "print(d_2)\n",
    "print(d_3)\n",
    "print(d_4)\n",
    "\n",
    "xyz_1 = d_1.toXYZ()\n",
    "xyz_2 = d_2.toXYZ()\n",
    "xyz_3 = d_3.toXYZ()\n",
    "xyz_4 = d_4.toXYZ()\n",
    "\n",
    "print(xyz_1)\n",
    "print(xyz_2)\n",
    "print(xyz_3)\n",
    "print(xyz_4)\n",
    "\n",
    "\n",
    "xyzes = (xyz_1, xyz_2, xyz_3, xyz_4)\n",
    "\n",
    "# pack tuples into array\n",
    "\n",
    "a = np.stack(xyzes)\n",
    "print(type(a))\n",
    "print(a.shape)\n",
    "\n",
    "# svd\n",
    "\n",
    "res = svd(a)\n",
    "\n",
    "u = res[0]\n",
    "s = res[1]\n",
    "vh = res[2]\n",
    "\n",
    "print(\"\\nu\")\n",
    "print(u)\n",
    "print(\"\\ns\")\n",
    "print(s)\n",
    "print(\"\\nvh\")\n",
    "print(vh)\n",
    "\n",
    "print(\"\\nmean\", vh[0,:]) # mean value\n",
    "print(\"\\ngirdle normal\", vh[2, :]) # normal to girdle\n",
    "\n"
   ]
  },
  {
   "cell_type": "code",
   "execution_count": 10,
   "metadata": {},
   "outputs": [
    {
     "name": "stdout",
     "output_type": "stream",
     "text": [
      "Direct(az: 90.00°, pl: 85.00°)\n",
      "Direct(az: 90.00°, pl: 88.00°)\n",
      "Direct(az: 270.00°, pl: 88.00°)\n",
      "Direct(az: 270.00°, pl: 85.00°)\n",
      "(0.08715574274765814, 5.336750069161484e-18, -0.9961946980917455)\n",
      "(0.03489949670250108, 2.136977846428578e-18, -0.9993908270190958)\n",
      "(-0.03489949670250108, -6.410933539285733e-18, -0.9993908270190958)\n",
      "(-0.08715574274765814, -1.6010250207484453e-17, -0.9961946980917455)\n",
      "<class 'numpy.ndarray'>\n",
      "(4, 3)\n",
      "\n",
      "u\n",
      "[[-0.49919856 -0.65643551  0.54055174  0.16642428]\n",
      " [-0.50080016 -0.26285438 -0.61124957 -0.55360703]\n",
      " [-0.50080016  0.26285438 -0.37017077  0.73693987]\n",
      " [-0.49919856  0.65643551  0.44401732 -0.35034531]]\n",
      "\n",
      "s\n",
      "[1.99558808e+00 1.32771220e-01 8.23878420e-17]\n",
      "\n",
      "vh\n",
      "[[-0.00000000e+00  0.00000000e+00  1.00000000e+00]\n",
      " [-1.00000000e+00 -0.00000000e+00 -0.00000000e+00]\n",
      " [-0.00000000e+00  1.00000000e+00  1.11022302e-16]]\n",
      "\n",
      "mean [-0.  0.  1.]\n",
      "\n",
      "girdle normal [-0.00000000e+00  1.00000000e+00  1.11022302e-16]\n"
     ]
    }
   ],
   "source": [
    "## directions to xyz\n",
    "\n",
    "d_1 = Direct.fromAzPl(90, 85)\n",
    "d_2 = Direct.fromAzPl(90, 88)\n",
    "d_3 = Direct.fromAzPl(270, 88)\n",
    "d_4 = Direct.fromAzPl(270, 85)\n",
    "\n",
    "print(d_1)\n",
    "print(d_2)\n",
    "print(d_3)\n",
    "print(d_4)\n",
    "\n",
    "xyz_1 = d_1.toXYZ()\n",
    "xyz_2 = d_2.toXYZ()\n",
    "xyz_3 = d_3.toXYZ()\n",
    "xyz_4 = d_4.toXYZ()\n",
    "\n",
    "print(xyz_1)\n",
    "print(xyz_2)\n",
    "print(xyz_3)\n",
    "print(xyz_4)\n",
    "\n",
    "\n",
    "xyzes = (xyz_1, xyz_2, xyz_3, xyz_4)\n",
    "\n",
    "# pack tuples into array\n",
    "\n",
    "a = np.stack(xyzes)\n",
    "print(type(a))\n",
    "print(a.shape)\n",
    "\n",
    "# svd\n",
    "\n",
    "res = svd(a)\n",
    "\n",
    "u = res[0]\n",
    "s = res[1]\n",
    "vh = res[2]\n",
    "\n",
    "print(\"\\nu\")\n",
    "print(u)\n",
    "print(\"\\ns\")\n",
    "print(s)\n",
    "print(\"\\nvh\")\n",
    "print(vh)\n",
    "\n",
    "print(\"\\nmean\", vh[0,:]) # mean value\n",
    "print(\"\\ngirdle normal\", vh[2, :]) # normal to girdle\n",
    "\n"
   ]
  },
  {
   "cell_type": "code",
   "execution_count": null,
   "metadata": {},
   "outputs": [],
   "source": []
  },
  {
   "cell_type": "code",
   "execution_count": 11,
   "metadata": {},
   "outputs": [
    {
     "name": "stdout",
     "output_type": "stream",
     "text": [
      "Direct(az: 90.00°, pl: -85.00°)\n",
      "Direct(az: 90.00°, pl: -88.00°)\n",
      "Direct(az: 270.00°, pl: -88.00°)\n",
      "Direct(az: 270.00°, pl: -85.00°)\n",
      "(0.08715574274765814, 5.336750069161484e-18, 0.9961946980917455)\n",
      "(0.03489949670250108, 2.136977846428578e-18, 0.9993908270190958)\n",
      "(-0.03489949670250108, -6.410933539285733e-18, 0.9993908270190958)\n",
      "(-0.08715574274765814, -1.6010250207484453e-17, 0.9961946980917455)\n",
      "<class 'numpy.ndarray'>\n",
      "(4, 3)\n",
      "\n",
      "u\n",
      "[[-0.49919856 -0.65643551 -0.54055174 -0.16642428]\n",
      " [-0.50080016 -0.26285438  0.61124957  0.55360703]\n",
      " [-0.50080016  0.26285438  0.37017077 -0.73693987]\n",
      " [-0.49919856  0.65643551 -0.44401732  0.35034531]]\n",
      "\n",
      "s\n",
      "[1.99558808e+00 1.32771220e-01 8.23878420e-17]\n",
      "\n",
      "vh\n",
      "[[-0.00000000e+00  0.00000000e+00 -1.00000000e+00]\n",
      " [-1.00000000e+00 -0.00000000e+00  0.00000000e+00]\n",
      " [-0.00000000e+00 -1.00000000e+00  1.11022302e-16]]\n",
      "\n",
      "mean [-0.  0. -1.]\n",
      "\n",
      "girdle normal [-0.00000000e+00 -1.00000000e+00  1.11022302e-16]\n"
     ]
    }
   ],
   "source": [
    "# directions to xyz\n",
    "\n",
    "d_1 = Direct.fromAzPl(90, -85)\n",
    "d_2 = Direct.fromAzPl(90, -88)\n",
    "d_3 = Direct.fromAzPl(270, -88)\n",
    "d_4 = Direct.fromAzPl(270, -85)\n",
    "\n",
    "print(d_1)\n",
    "print(d_2)\n",
    "print(d_3)\n",
    "print(d_4)\n",
    "\n",
    "xyz_1 = d_1.toXYZ()\n",
    "xyz_2 = d_2.toXYZ()\n",
    "xyz_3 = d_3.toXYZ()\n",
    "xyz_4 = d_4.toXYZ()\n",
    "\n",
    "print(xyz_1)\n",
    "print(xyz_2)\n",
    "print(xyz_3)\n",
    "print(xyz_4)\n",
    "\n",
    "\n",
    "xyzes = (xyz_1, xyz_2, xyz_3, xyz_4)\n",
    "\n",
    "# pack tuples into array\n",
    "\n",
    "a = np.stack(xyzes)\n",
    "print(type(a))\n",
    "print(a.shape)\n",
    "\n",
    "# svd\n",
    "\n",
    "res = svd(a)\n",
    "\n",
    "u = res[0]\n",
    "s = res[1]\n",
    "vh = res[2]\n",
    "\n",
    "print(\"\\nu\")\n",
    "print(u)\n",
    "print(\"\\ns\")\n",
    "print(s)\n",
    "print(\"\\nvh\")\n",
    "print(vh)\n",
    "\n",
    "print(\"\\nmean\", vh[0,:]) # mean value\n",
    "print(\"\\ngirdle normal\", vh[2, :]) # normal to girdle\n",
    "\n"
   ]
  },
  {
   "cell_type": "code",
   "execution_count": 9,
   "metadata": {},
   "outputs": [
    {
     "name": "stdout",
     "output_type": "stream",
     "text": [
      "Direct(az: 88.00°, pl: 0.00°)\n",
      "Direct(az: 89.00°, pl: 0.00°)\n",
      "Direct(az: 91.00°, pl: 0.00°)\n",
      "Direct(az: 92.00°, pl: 0.00°)\n",
      "(0.9993908270190958, 0.03489949670250108, -0.0)\n",
      "(0.9998476951563913, 0.0174524064372836, -0.0)\n",
      "(0.9998476951563913, -0.017452406437283477, -0.0)\n",
      "(0.9993908270190958, -0.034899496702500955, -0.0)\n",
      "<class 'numpy.ndarray'>\n",
      "(4, 3)\n",
      "\n",
      "u\n",
      "[[-0.49988573 -0.63243626 -0.43701202 -0.39894753]\n",
      " [-0.50011425 -0.3162663   0.38142756  0.7101932 ]\n",
      " [-0.50011425  0.3162663   0.60289914 -0.53513923]\n",
      " [-0.49988573  0.63243626 -0.54776467  0.22381353]]\n",
      "\n",
      "s\n",
      "[ 1.99923857  0.05518263 -0.        ]\n",
      "\n",
      "vh\n",
      "[[-1.00000000e+00 -5.90480478e-17 -0.00000000e+00]\n",
      " [ 5.90480478e-17 -1.00000000e+00 -0.00000000e+00]\n",
      " [ 0.00000000e+00  0.00000000e+00  1.00000000e+00]]\n",
      "\n",
      "mean [-1.00000000e+00 -5.90480478e-17 -0.00000000e+00]\n",
      "\n",
      "girdle normal [0. 0. 1.]\n"
     ]
    }
   ],
   "source": [
    "# directions to xyz\n",
    "\n",
    "d_1 = Direct.fromAzPl(88, 0)\n",
    "d_2 = Direct.fromAzPl(89, 0)\n",
    "d_3 = Direct.fromAzPl(91, 0)\n",
    "d_4 = Direct.fromAzPl(92, 0)\n",
    "\n",
    "print(d_1)\n",
    "print(d_2)\n",
    "print(d_3)\n",
    "print(d_4)\n",
    "\n",
    "xyz_1 = d_1.toXYZ()\n",
    "xyz_2 = d_2.toXYZ()\n",
    "xyz_3 = d_3.toXYZ()\n",
    "xyz_4 = d_4.toXYZ()\n",
    "\n",
    "print(xyz_1)\n",
    "print(xyz_2)\n",
    "print(xyz_3)\n",
    "print(xyz_4)\n",
    "\n",
    "\n",
    "xyzes = (xyz_1, xyz_2, xyz_3, xyz_4)\n",
    "\n",
    "# pack tuples into array\n",
    "\n",
    "a = np.stack(xyzes)\n",
    "print(type(a))\n",
    "print(a.shape)\n",
    "\n",
    "# svd\n",
    "\n",
    "res = svd(a)\n",
    "\n",
    "u = res[0]\n",
    "s = res[1]\n",
    "vh = res[2]\n",
    "\n",
    "print(\"\\nu\")\n",
    "print(u)\n",
    "print(\"\\ns\")\n",
    "print(s)\n",
    "print(\"\\nvh\")\n",
    "print(vh)\n",
    "\n",
    "print(\"\\nmean\", vh[0,:]) # mean value\n",
    "print(\"\\ngirdle normal\", vh[2, :]) # normal to girdle\n",
    "\n"
   ]
  },
  {
   "cell_type": "code",
   "execution_count": null,
   "metadata": {},
   "outputs": [],
   "source": []
  },
  {
   "cell_type": "code",
   "execution_count": null,
   "metadata": {},
   "outputs": [],
   "source": []
  },
  {
   "cell_type": "code",
   "execution_count": null,
   "metadata": {},
   "outputs": [],
   "source": []
  },
  {
   "cell_type": "code",
   "execution_count": null,
   "metadata": {},
   "outputs": [],
   "source": []
  },
  {
   "cell_type": "code",
   "execution_count": null,
   "metadata": {},
   "outputs": [],
   "source": []
  }
 ],
 "metadata": {
  "kernelspec": {
   "display_name": "Python 3",
   "language": "python",
   "name": "python3"
  },
  "language_info": {
   "codemirror_mode": {
    "name": "ipython",
    "version": 3
   },
   "file_extension": ".py",
   "mimetype": "text/x-python",
   "name": "python",
   "nbconvert_exporter": "python",
   "pygments_lexer": "ipython3",
   "version": "3.7.0"
  }
 },
 "nbformat": 4,
 "nbformat_minor": 2
}
